cam0:
  camera_model: pinhole
  intrinsics: [599.2592, 599.7038, 317.7868, 248.7107]
  distortion_model: radtan
  distortion_coeffs: [0.0489, 0.0661, 0.000000, 0.000000, 0.000000]
  resolution: [640, 480]
  rostopic: /camera/color/image_raw
  tagtopic: /detector/tags
  rig_body: rig
